SetBegin:Bounds
0.00,0.00
0.00,512.00
512.00,512.00
512.00,0.00
SetEnd
SetBegin:Constrained:FP0000000000000001/C000 [Obstacle]
99.00,127.00
100.00,126.00
100.00,127.00
SetEnd
SetBegin:Constrained:FP0000000000000001/C001 [Obstacle]
68.00,94.00
66.00,96.00
68.00,96.00
SetEnd
SetBegin:Constrained:FP0000000000000001/C002 [Obstacle]
84.00,70.00
84.00,68.00
83.00,69.00
SetEnd
SetBegin:Constrained:FP0000000000000001/C003 [Obstacle]
84.00,66.00
84.00,64.00
82.00,66.00
82.00,68.00
SetEnd
SetBegin:Constrained:FP0000000000000001/C004 [Obstacle]
71.00,83.00
70.00,82.00
72.00,82.00
SetEnd
SetBegin:Constrained:FP0000000000000001/C005 [Obstacle]
100.00,52.00
96.00,48.00
96.00,52.00
SetEnd
SetBegin:Constrained:FP0000000000000001/C006 [Obstacle]
108.00,68.00
108.00,60.00
104.00,64.00
104.00,72.00
SetEnd
SetBegin:Constrained:FP0000000000000001/C007 [Obstacle]
110.00,64.00
110.00,62.00
108.00,64.00
SetEnd
SetBegin:Constrained:FP0000000000000001/C008 [Obstacle]
72.00,40.00
74.00,38.00
74.00,40.00
SetEnd
SetBegin:Constrained:FP0000000000000001/C010 [Obstacle]
28.00,20.00
32.00,16.00
28.00,16.00
SetEnd
SetBegin:Constrained:FP0000000000000001/C011 [Obstacle]
52.00,106.00
52.00,104.00
50.00,106.00
SetEnd
SetBegin:Constrained:FP0000000000000001/C012 [Obstacle]
40.00,116.00
42.00,114.00
40.00,112.00
SetEnd
SetBegin:Constrained:FP0000000000000001/C013 [Obstacle]
36.00,96.00
38.00,94.00
36.00,92.00
SetEnd
SetBegin:Constrained:FP0000000000000001/C014 [Obstacle]
42.00,98.00
40.00,96.00
36.00,96.00
40.00,100.00
SetEnd
SetBegin:Constrained:FP0000000000000001/C015 [Obstacle]
60.00,96.00
60.00,92.00
58.00,94.00
SetEnd
SetBegin:Constrained:FP0000000000000001/C016 [Obstacle]
58.00,94.00
56.00,92.00
56.00,94.00
SetEnd
SetBegin:Constrained:FP0000000000000001/C017 [Obstacle]
52.00,80.00
54.00,78.00
53.00,77.00
49.00,77.00
48.00,78.00
SetEnd
SetBegin:Constrained:FP0000000000000001/C018 [Obstacle]
44.00,84.00
50.00,82.00
52.00,80.00
48.00,78.00
42.00,78.00
40.00,80.00
SetEnd
SetBegin:Constrained:FP0000000000000001/C019 [Obstacle]
45.00,77.00
43.00,77.00
44.00,78.00
SetEnd
SetBegin:Constrained:FP0000000000000001/C020 [Obstacle]
35.00,71.00
34.00,70.00
34.00,71.00
SetEnd
SetBegin:Constrained:FP0000000000000001/C021 [Obstacle]
16.00,128.00
18.00,126.00
16.00,124.00
SetEnd
SetBegin:Constrained:FP0000000000000001/C022 [Obstacle]
30.00,106.00
32.00,104.00
28.00,104.00
SetEnd
SetBegin:Constrained:FP0000000000000001/C023 [Obstacle]
27.00,65.00
27.00,63.00
26.00,64.00
SetEnd
SetBegin:Constrained:FP0000000000000001/C024 [Obstacle]
66.50,51.50
66.00,51.50
66.00,52.00
74.00,52.00
74.00,51.50
73.50,51.50
74.00,52.00
80.00,52.00
80.00,51.00
79.00,51.00
80.00,52.00
82.00,52.00
88.00,54.00
88.50,53.50
88.00,53.00
88.00,64.00
89.00,67.00
89.50,67.50
89.00,67.00
86.00,70.00
84.00,70.00
78.00,74.00
72.00,76.00
57.50,72.50
55.00,69.00
54.00,66.00
54.00,64.00
52.00,62.00
52.00,56.00
51.00,53.00
51.00,54.00
51.00,51.00
52.00,52.00
66.00,52.00
SetEnd
SetBegin:Constrained:FP0000000000000001/C025 [Obstacle]
64.00,56.00
66.00,54.00
64.00,52.00
SetEnd
SetBegin:Constrained:FP0000000000000001/C026 [Obstacle]
64.00,56.00
60.00,52.00
60.00,56.00
SetEnd
SetBegin:Constrained:FP0000000000000001/C027 [Obstacle]
62.00,49.00
63.00,49.00
62.00,50.00
SetEnd
SetBegin:Constrained:FP0000000000000001/C028 [Obstacle]
33.00,59.00
34.00,58.00
32.00,58.00
SetEnd
SetBegin:Constrained:FP0000000000000001/C029 [Obstacle]
68.00,28.00
64.00,32.00
68.00,32.00
SetEnd
SetBegin:Constrained:FP0000000000000001/C030 [Obstacle]
36.00,48.00
34.00,46.00
32.00,48.00
SetEnd
SetBegin:Constrained:FP0000000000000001/C031 [Obstacle]
46.00,64.00
44.00,62.00
46.00,62.00
SetEnd
SetBegin:Constrained:FP0000000000000001/C032 [Obstacle]
48.00,36.00
48.00,34.00
46.00,34.00
SetEnd
SetBegin:Constrained:FP0000000000000001/C033 [Obstacle]
48.00,32.00
50.00,30.00
48.00,28.00
SetEnd
SetBegin:Constrained:FP0000000000000001/C034 [Obstacle]
32.00,24.00
34.00,22.00
32.00,20.00
SetEnd
SetBegin:Constrained:FP0000000000000001/C035 [Obstacle]
24.00,64.00
25.00,63.00
24.00,62.00
SetEnd
SetBegin:Constrained:FP0000000000000001/C036 [Obstacle]
24.00,58.00
24.00,56.00
22.00,58.00
SetEnd
SetBegin:Constrained:FP0000000000000001/C037 [Obstacle]
16.00,58.00
16.00,57.00
17.00,57.00
SetEnd
SetBegin:Constrained:FP0000000000000001/C038 [Obstacle]
24.00,44.00
28.00,40.00
24.00,40.00
SetEnd
SetBegin:Constrained:FP0000000000000001/C039 [Obstacle]
4.00,52.00
0.00,48.00
0.00,52.00
SetEnd
SetBegin:Constrained:FP0000000000000001/C040 [Obstacle]
19.50,51.50
20.50,51.00
19.50,52.50
20.00,52.00
18.00,50.00
14.00,50.00
13.00,49.00
14.00,50.00
15.50,49.50
19.00,51.00
20.50,50.50
SetEnd
SetBegin:Constrained:FP0000000000000001/C041 [Obstacle]
30.00,126.00
36.00,116.00
34.00,114.00
34.00,112.00
36.00,108.00
32.00,104.00
30.00,106.00
32.00,104.00
34.00,98.00
36.00,96.00
36.00,88.00
44.00,88.00
44.00,84.00
30.00,70.00
28.00,69.00
26.00,64.00
24.00,63.00
23.00,62.00
22.00,60.00
20.00,58.00
19.00,58.00
19.00,57.50
18.00,55.50
18.00,56.00
24.00,56.00
28.00,54.00
32.00,56.00
38.00,50.00
36.00,48.00
30.00,48.00
31.00,49.00
32.00,48.00
30.00,46.00
24.00,44.00
24.00,40.00
20.00,36.00
4.00,36.00
0.00,44.00
0.00,48.00
2.00,54.00
2.00,50.00
0.00,56.00
0.00,72.00
4.00,80.00
20.00,96.00
21.00,95.00
20.00,94.00
20.00,96.00
0.00,120.00
12.00,124.00
16.00,124.00
16.00,122.00
15.00,123.00
16.00,124.00
20.00,120.00
22.00,116.00
22.00,122.00
24.00,128.00
28.00,132.00
30.00,130.00
SetEnd
SetBegin:Constrained:FP0000000000000001/C042 [Obstacle]
256.00,32.00
254.00,30.00
252.00,32.00
SetEnd
SetBegin:Constrained:FP0000000000000001/C043 [Obstacle]
252.00,32.00
252.00,30.00
250.00,30.00
SetEnd
SetBegin:Constrained:FP0000000000000001/C044 [Obstacle]
251.00,29.00
251.00,28.00
250.00,28.00
SetEnd
SetBegin:Constrained:FP0000000000000001/C045 [Obstacle]
256.00,28.00
256.00,24.00
254.00,26.00
SetEnd
SetBegin:Constrained:FP0000000000000001/C046 [Obstacle]
248.00,28.00
246.00,26.00
241.00,25.00
239.00,25.00
238.00,26.00
240.00,28.00
248.00,32.00
SetEnd
SetBegin:Constrained:FP0000000000000001/C047 [Obstacle]
236.00,24.00
236.00,28.00
238.00,28.00
238.00,26.00
SetEnd
SetBegin:Constrained:FP0000000000000001/C048 [Obstacle]
236.00,23.00
236.00,22.00
235.00,23.00
SetEnd
SetBegin:Constrained:FP0000000000000001/C049 [Obstacle]
440.00,100.00
440.00,102.00
432.00,112.00
440.00,112.00
444.00,108.00
444.00,106.00
448.00,96.00
448.00,94.00
450.00,90.00
451.00,89.00
452.00,86.00
452.00,84.00
450.00,84.00
446.00,88.00
SetEnd
SetBegin:Constrained:FP0000000000000001/C050 [Obstacle]
182.00,86.00
180.00,88.00
172.00,92.00
168.00,96.00
176.00,100.00
184.00,96.00
188.00,92.00
188.00,88.00
190.00,82.00
192.00,80.00
192.00,72.00
184.00,80.00
SetEnd
SetBegin:Constrained:FP0000000000000001/C051 [Obstacle]
352.00,96.00
350.00,94.00
348.00,96.00
SetEnd
SetBegin:Constrained:FP0000000000000001/C052 [Obstacle]
167.00,45.00
166.00,45.00
164.00,44.00
164.00,48.00
166.00,50.00
176.00,56.00
192.00,56.00
196.00,52.00
188.00,48.00
184.00,48.00
181.00,49.00
168.00,44.00
SetEnd
SetBegin:Constrained:FP0000000000000001/C053 [Obstacle]
234.00,26.00
229.00,23.00
222.00,22.00
216.00,20.00
216.00,24.00
220.00,28.00
236.00,28.00
SetEnd
SetBegin:Constrained:FP0000000000000001/C054 [Obstacle]
220.00,24.00
222.00,24.00
222.00,26.00
SetEnd
SetBegin:Constrained:FP0000000000000001/C055 [Obstacle]
128.00,8.00
136.00,8.00
132.00,4.00
SetEnd
SetBegin:Constrained:FP0000000000000001/C056 [Obstacle]
364.00,80.00
356.00,88.00
356.00,92.00
369.50,84.50
371.00,85.00
379.00,85.00
382.00,84.00
383.00,83.00
386.00,82.00
388.00,80.00
388.00,78.00
386.00,78.00
380.00,80.00
SetEnd
SetBegin:Constrained:FP0000000000000001/C057 [Obstacle]
356.00,96.00
360.00,92.00
356.00,92.00
352.00,96.00
SetEnd
SetBegin:Constrained:FP0000000000000001/C058 [Obstacle]
356.00,68.00
357.00,67.00
356.00,66.00
SetEnd
SetBegin:Constrained:FP0000000000000001/C059 [Obstacle]
359.00,67.00
359.00,65.00
358.00,64.00
356.00,66.00
355.00,70.00
354.50,70.50
352.00,72.00
348.00,76.00
347.00,81.00
346.00,82.00
346.00,86.00
350.00,82.00
351.00,79.00
358.00,70.00
SetEnd
SetBegin:Constrained:FP0000000000000001/C060 [Obstacle]
348.00,48.00
344.00,52.00
342.00,56.00
342.00,60.00
344.00,64.00
346.00,66.00
350.00,68.00
352.00,68.00
354.00,66.00
352.00,64.00
349.50,62.50
347.50,57.50
348.00,54.00
349.00,52.00
350.00,51.00
352.00,50.00
354.00,48.00
354.00,46.00
SetEnd
SetBegin:Constrained:FP0000000000000001/C061 [Obstacle]
312.00,40.00
312.00,38.00
310.00,38.00
310.00,39.00
SetEnd
SetBegin:Constrained:FP0000000000000001/C062 [Obstacle]
314.00,38.00
312.00,36.00
312.00,38.00
SetEnd
SetBegin:Constrained:FP0000000000000001/C063 [Obstacle]
309.00,41.00
306.00,42.00
304.00,44.00
312.00,44.00
SetEnd
SetBegin:Constrained:FP0000000000000001/C064 [Obstacle]
312.00,40.00
312.00,44.00
316.00,40.00
SetEnd
SetBegin:Constrained:FP0000000000000001/C065 [Obstacle]
310.00,38.00
312.00,36.00
308.00,36.00
SetEnd
SetBegin:Constrained:FP0000000000000001/C066 [Obstacle]
314.00,34.00
310.00,34.00
312.00,36.00
316.00,36.00
SetEnd
SetBegin:Constrained:FP0000000000000001/C067 [Obstacle]
284.00,12.00
292.00,20.00
298.00,22.00
300.00,20.00
296.00,16.00
288.00,12.00
SetEnd
SetBegin:Constrained:FP0000000000000001/C068 [Obstacle]
256.00,32.00
258.00,30.00
256.00,30.00
SetEnd
SetBegin:Constrained:FP0000000000000001/C069 [Obstacle]
36.00,22.00
36.00,20.00
34.00,22.00
SetEnd
SetBegin:Constrained:FP0000000000000001/C070 [Obstacle]
213.00,13.00
212.00,12.00
212.00,13.00
SetEnd
SetBegin:Constrained:FP0000000000000001/C071 [Obstacle]
372.00,20.00
368.00,24.00
372.00,26.00
374.00,28.00
372.00,32.00
380.00,32.00
383.00,27.00
384.00,26.00
396.00,20.00
400.00,16.00
392.00,8.00
388.00,12.00
SetEnd
SetBegin:Constrained:FP0000000000000001/C072 [Obstacle]
272.00,4.00
272.00,8.00
276.00,8.00
SetEnd
SetBegin:Constrained:FP0000000000000001/C073 [Obstacle]
164.00,4.00
198.00,6.00
217.00,13.00
222.00,12.00
220.00,12.00
216.00,16.00
220.00,18.00
221.00,19.00
228.00,22.00
243.00,23.00
244.00,24.00
246.50,23.50
247.50,23.50
250.00,24.00
256.00,24.00
258.00,22.00
260.00,22.00
264.00,28.00
266.00,30.00
268.00,36.00
270.00,38.00
263.00,37.00
262.00,36.00
254.00,34.00
251.00,35.00
249.00,35.00
246.00,34.00
236.00,28.00
236.00,36.00
240.00,40.00
252.00,44.00
258.00,50.00
263.00,49.00
264.00,50.00
268.00,52.00
272.00,52.00
278.00,54.00
296.00,48.00
302.00,42.00
290.00,42.00
289.00,43.00
281.50,43.50
283.00,43.00
278.00,42.00
276.00,40.00
274.00,40.00
273.00,31.00
276.00,30.00
280.00,24.00
272.00,0.00
168.00,0.00
SetEnd
SetBegin:Constrained:FP0000000000000001/C074 [Obstacle]
458.00,126.00
460.00,126.00
455.00,117.00
451.00,113.00
448.00,112.00
446.00,114.00
449.00,116.00
450.00,117.00
452.00,120.00
SetEnd
SetBegin:Constrained:FP0000000000000001/C075 [Obstacle]
458.00,106.00
460.00,104.00
458.00,104.00
SetEnd
SetBegin:Constrained:FP0000000000000001/C076 [Obstacle]
467.00,59.00
468.00,58.00
466.00,58.00
SetEnd
SetBegin:Constrained:FP0000000000000001/C077 [Obstacle]
450.00,58.00
446.00,58.00
448.00,60.00
SetEnd
SetBegin:Constrained:FP0000000000000001/C078 [Obstacle]
44.00,40.00
40.00,44.00
44.00,44.00
SetEnd
SetBegin:Constrained:FP0000000000000001/C079 [Obstacle]
39.00,73.00
38.00,72.00
38.00,73.00
SetEnd
SetBegin:Constrained:FP0000000000000001/C080 [Obstacle]
407.00,59.00
410.00,56.00
411.00,53.00
413.00,51.00
415.00,51.00
421.00,53.00
422.00,54.00
428.00,54.00
441.00,49.00
445.50,48.50
452.00,50.00
458.50,48.50
459.50,48.50
460.00,49.00
460.00,50.00
458.00,58.00
455.00,59.00
432.00,60.00
430.00,62.00
424.00,64.00
421.00,69.00
420.00,70.00
408.00,76.00
408.00,80.00
416.00,80.00
422.00,78.00
424.00,76.00
426.00,72.00
428.00,70.00
432.00,68.00
461.00,63.00
470.00,54.00
469.00,49.00
470.00,48.00
466.00,44.00
463.00,43.00
459.00,43.00
457.50,43.50
454.00,42.00
453.00,41.00
447.00,41.00
446.00,42.00
443.00,43.00
436.00,44.00
429.00,47.00
426.00,50.00
423.00,49.00
422.00,48.00
419.00,47.00
418.00,46.00
410.00,46.00
408.00,48.00
407.50,49.50
406.50,48.50
404.00,48.00
400.00,48.00
404.00,55.00
402.00,56.00
401.00,57.00
400.00,56.00
390.00,66.00
390.00,70.00
396.00,68.00
396.00,67.00
395.00,67.00
396.00,68.00
398.00,66.00
400.50,60.50
403.00,59.00
SetEnd
SetBegin:Constrained:FP0000000000000001/C081 [Obstacle]
408.00,50.00
408.00,48.00
406.00,50.00
SetEnd
SetBegin:Constrained:FP0000000000000001/C082 [Obstacle]
413.00,45.00
413.00,44.00
412.00,44.00
SetEnd
SetBegin:Constrained:FP0000000000000001/C083 [Obstacle]
406.00,46.00
410.00,46.00
408.00,44.00
SetEnd
SetBegin:Constrained:FP0000000000000001/C084 [Obstacle]
410.00,46.00
415.00,41.00
415.00,37.00
412.00,34.00
410.00,34.00
410.00,36.00
411.00,38.00
410.00,41.00
408.00,44.00
SetEnd
SetBegin:Constrained:FP0000000000000001/C085 [Obstacle]
400.00,48.00
402.00,46.00
400.00,44.00
SetEnd
SetBegin:Constrained:FP0000000000000001/C086 [Obstacle]
404.00,48.00
404.00,46.00
402.00,46.00
SetEnd
SetBegin:Constrained:FP0000000000000001/C087 [Obstacle]
49.00,37.00
49.00,36.00
48.00,36.00
SetEnd
SetBegin:Constrained:FP0000000000000001/C088 [Obstacle]
386.00,34.00
382.00,38.00
389.00,38.00
388.50,37.50
388.00,38.00
389.00,41.00
389.00,42.00
388.00,44.00
382.00,50.00
382.00,52.00
380.00,54.00
380.00,60.00
384.00,60.00
398.00,46.00
398.00,38.00
396.00,32.00
392.00,34.00
SetEnd
SetBegin:Constrained:FP0000000000000001/C089 [Obstacle]
408.00,44.00
406.00,42.00
404.00,44.00
SetEnd
SetBegin:Constrained:FP0000000000000001/C090 [Obstacle]
400.00,28.00
396.00,32.00
400.00,32.00
SetEnd
SetBegin:Constrained:FP0000000000000001/C091 [Obstacle]
400.00,36.00
400.00,32.00
396.00,36.00
SetEnd
SetBegin:Constrained:FP0000000000000001/C092 [Obstacle]
112.00,224.00
116.00,224.00
115.00,221.00
115.00,219.00
116.00,216.00
116.00,212.00
112.00,208.00
SetEnd
SetBegin:Constrained:FP0000000000000001/C093 [Obstacle]
112.00,208.00
114.00,206.00
112.00,204.00
SetEnd
SetBegin:Constrained:FP0000000000000001/C094 [Obstacle]
89.00,217.00
89.00,219.00
90.00,218.00
SetEnd
SetBegin:Constrained:FP0000000000000001/C095 [Obstacle]
196.00,202.00
196.00,200.00
194.00,202.00
SetEnd
SetBegin:Constrained:FP0000000000000001/C096 [Obstacle]
90.00,200.00
88.00,198.00
88.00,200.00
SetEnd
SetBegin:Constrained:FP0000000000000001/C097 [Obstacle]
118.00,172.00
117.00,171.00
117.00,172.00
SetEnd
SetBegin:Constrained:FP0000000000000001/C098 [Obstacle]
108.00,150.00
109.00,149.00
108.00,148.00
SetEnd
SetBegin:Constrained:FP0000000000000001/C099 [Obstacle]
93.00,169.00
96.00,170.00
97.00,171.00
101.00,171.00
108.00,168.00
106.00,166.00
94.00,162.00
90.00,162.00
90.00,166.00
SetEnd
SetBegin:Constrained:FP0000000000000001/C100 [Obstacle]
89.00,161.00
90.00,160.00
89.00,160.00
SetEnd
SetBegin:Constrained:FP0000000000000001/C101 [Obstacle]
68.00,176.00
68.00,180.00
72.00,176.00
72.00,172.00
SetEnd
SetBegin:Constrained:FP0000000000000001/C102 [Obstacle]
106.00,170.00
102.00,170.00
101.00,171.00
100.00,174.00
100.00,176.00
SetEnd
SetBegin:Constrained:FP0000000000000001/C103 [Obstacle]
93.00,151.00
91.00,151.00
92.00,152.00
SetEnd
SetBegin:Constrained:FP0000000000000001/C104 [Obstacle]
92.00,152.00
90.00,154.00
92.00,154.00
SetEnd
SetBegin:Constrained:FP0000000000000001/C105 [Obstacle]
96.00,152.00
94.00,150.00
92.00,150.00
94.00,152.00
SetEnd
SetBegin:Constrained:FP0000000000000001/C106 [Obstacle]
112.00,152.00
110.00,150.00
106.00,148.00
96.00,148.00
93.00,149.00
94.00,150.00
100.00,152.00
SetEnd
SetBegin:Constrained:FP0000000000000001/C107 [Obstacle]
64.00,200.00
72.00,196.00
76.00,192.00
76.00,180.00
64.00,180.00
64.00,182.00
65.00,181.00
64.00,180.00
50.00,186.00
46.00,190.00
44.00,196.00
48.00,200.00
SetEnd
SetBegin:Constrained:FP0000000000000001/C108 [Obstacle]
68.00,200.00
70.00,198.00
68.00,196.00
SetEnd
SetBegin:Constrained:FP0000000000000001/C109 [Obstacle]
90.50,211.50
90.50,212.00
90.00,214.00
90.00,226.00
94.00,230.00
94.00,208.00
92.00,204.00
91.00,203.00
82.00,190.00
80.00,190.00
80.00,196.00
89.00,205.00
SetEnd
SetBegin:Constrained:FP0000000000000001/C110 [Obstacle]
64.00,132.00
68.00,132.00
80.00,120.00
80.00,108.00
78.00,106.00
74.00,104.00
75.00,105.00
71.00,103.00
72.00,104.00
82.00,104.00
82.50,103.50
82.00,103.00
82.00,104.00
83.00,105.00
86.00,110.00
91.00,115.00
93.00,118.00
93.00,119.00
95.00,121.00
96.00,124.00
89.00,131.00
89.00,139.00
90.00,142.00
95.00,147.00
108.00,148.00
110.00,150.00
120.00,148.00
126.00,142.00
127.00,139.00
128.00,138.00
127.00,137.00
118.00,146.00
115.50,146.50
114.50,146.50
109.00,145.00
108.00,144.00
96.00,142.00
95.00,138.00
98.00,132.00
102.00,130.00
102.00,124.00
101.00,123.00
98.00,118.00
97.00,117.00
96.00,114.00
95.00,113.00
88.00,100.00
86.00,98.00
85.00,98.00
85.50,98.50
86.00,98.00
84.00,96.00
82.00,95.00
80.00,90.00
74.00,84.00
74.00,83.00
74.00,84.00
76.00,84.00
88.00,88.00
92.00,92.00
96.00,88.00
96.00,82.00
98.00,82.00
100.00,84.00
104.00,84.00
108.00,80.00
108.00,76.00
104.00,72.00
100.00,64.00
100.00,52.00
96.00,52.00
94.00,54.00
95.00,55.00
92.00,52.00
91.00,52.00
91.00,53.00
92.00,52.00
92.00,44.00
90.00,42.00
84.00,40.00
82.00,38.00
82.00,36.00
99.00,31.00
100.00,30.00
100.00,32.00
107.00,33.00
110.00,34.00
114.00,34.00
117.00,29.00
134.00,22.00
148.00,20.00
152.00,16.00
152.00,8.00
128.00,8.00
108.00,12.00
96.00,8.00
90.00,10.00
92.00,10.00
72.00,0.00
48.00,0.00
32.00,16.00
32.00,20.00
40.00,20.00
44.00,18.00
44.00,20.00
46.00,22.00
44.00,28.00
52.00,28.00
56.00,24.00
54.00,22.00
54.00,20.00
56.00,18.00
59.00,17.00
62.00,18.00
66.00,18.00
68.50,18.50
70.50,18.50
66.00,20.00
64.00,20.00
63.00,21.00
59.00,23.00
52.00,30.00
50.00,34.00
52.00,34.00
72.00,22.00
74.00,22.00
78.00,18.00
75.00,17.00
74.00,17.00
73.50,16.50
80.00,18.00
82.00,18.00
94.00,22.00
84.00,24.00
72.00,24.00
72.00,28.00
49.00,41.00
48.00,40.00
44.00,44.00
42.00,52.00
44.00,60.00
42.00,59.00
41.00,58.00
40.00,56.00
32.00,56.00
36.00,64.00
35.00,65.00
34.00,64.00
30.00,62.00
28.00,62.00
28.00,66.00
29.50,66.50
30.00,67.00
30.00,68.00
36.50,71.00
37.00,72.00
38.00,72.00
39.00,70.00
48.00,70.00
48.00,67.00
47.50,67.50
51.00,71.00
54.00,78.00
56.00,80.00
57.50,79.50
58.00,79.00
58.00,80.00
61.00,81.00
62.00,82.00
68.00,86.00
69.00,87.00
74.00,89.00
75.00,90.00
76.00,92.00
76.00,93.00
72.00,94.00
68.00,96.00
63.50,100.50
64.00,101.00
64.00,100.00
62.00,98.00
60.00,100.00
60.00,104.00
56.00,104.00
56.00,120.00
54.00,126.00
52.00,128.00
53.00,130.00
53.00,131.00
48.00,136.00
56.00,136.00
SetEnd
SetBegin:Constrained:FP0000000000000001/C111 [Obstacle]
44.00,136.00
40.00,140.00
44.00,140.00
SetEnd
SetBegin:Constrained:FP0000000000000001/C112 [Obstacle]
48.00,140.00
48.00,136.00
44.00,140.00
SetEnd
SetBegin:Constrained:FP0000000000000001/C113 [Obstacle]
10.00,162.00
12.00,172.00
24.00,160.00
16.00,152.00
12.00,156.00
SetEnd
SetBegin:Constrained:FP0000000000000001/C114 [Obstacle]
28.00,164.00
28.00,160.00
24.00,160.00
SetEnd
SetBegin:Constrained:FP0000000000000001/C115 [Obstacle]
12.00,160.00
10.00,158.00
10.00,160.00
SetEnd
SetBegin:Constrained:FP0000000000000001/C116 [Obstacle]
24.00,150.00
26.00,150.00
26.00,146.00
24.00,144.00
SetEnd
SetBegin:Constrained:FP0000000000000001/C117 [Obstacle]
28.00,156.00
20.00,148.00
20.00,152.00
24.00,160.00
SetEnd
SetBegin:Constrained:FP0000000000000001/C118 [Obstacle]
30.00,134.00
30.00,132.00
28.00,132.00
SetEnd
SetBegin:Constrained:FP0000000000000001/C119 [Obstacle]
16.00,144.00
16.00,136.00
8.00,136.00
SetEnd
SetBegin:Constrained:FP0000000000000001/C120 [Obstacle]
14.00,130.00
12.00,124.00
8.00,120.00
8.00,128.00
12.00,132.00
SetEnd
SetBegin:Constrained:FP0000000000000001/C121 [Obstacle]
200.00,244.00
200.00,248.00
208.00,248.00
208.00,246.00
SetEnd
SetBegin:Constrained:FP0000000000000001/C122 [Obstacle]
208.00,210.00
209.00,209.00
208.00,209.00
SetEnd
SetBegin:Constrained:FP0000000000000001/C123 [Obstacle]
216.00,208.00
216.00,204.00
210.00,198.00
206.00,202.00
SetEnd
SetBegin:Constrained:FP0000000000000001/C124 [Obstacle]
206.00,216.00
206.00,214.00
204.00,216.00
SetEnd
SetBegin:Constrained:FP0000000000000001/C125 [Obstacle]
367.00,217.00
368.00,220.00
370.00,218.00
372.00,212.00
372.00,208.00
370.00,204.00
368.00,206.00
367.00,209.00
SetEnd
SetBegin:Constrained:FP0000000000000001/C126 [Obstacle]
208.00,200.00
208.00,198.00
206.00,198.00
SetEnd
SetBegin:Constrained:FP0000000000000001/C127 [Obstacle]
197.00,198.00
196.00,200.00
197.00,202.00
197.00,203.00
199.00,211.00
202.00,214.00
204.00,214.00
207.00,213.00
207.50,212.50
207.00,212.50
207.50,212.50
206.00,214.00
206.00,216.00
204.00,216.00
204.00,218.00
205.00,220.00
192.00,236.00
192.00,244.00
210.00,226.00
212.00,212.00
210.00,210.00
207.00,209.00
205.00,209.50
204.50,208.50
203.00,207.00
203.00,201.00
202.50,199.50
203.00,199.00
204.00,196.00
204.00,188.00
200.00,188.00
198.00,186.00
196.00,188.00
196.00,194.00
197.00,197.00
SetEnd
SetBegin:Constrained:FP0000000000000001/C128 [Obstacle]
210.00,182.00
212.00,180.00
210.00,180.00
SetEnd
SetBegin:Constrained:FP0000000000000001/C129 [Obstacle]
210.00,180.00
210.00,178.00
209.00,179.00
SetEnd
SetBegin:Constrained:FP0000000000000001/C130 [Obstacle]
210.00,178.00
208.00,176.00
208.00,178.00
SetEnd
SetBegin:Constrained:FP0000000000000001/C131 [Obstacle]
334.00,190.00
338.00,194.00
338.00,182.00
336.00,180.00
336.00,182.00
336.50,183.50
335.00,187.00
335.50,188.50
SetEnd
SetBegin:Constrained:FP0000000000000001/C132 [Obstacle]
200.00,188.00
204.00,188.00
204.00,184.00
202.00,182.00
200.00,184.00
SetEnd
SetBegin:Constrained:FP0000000000000001/C133 [Obstacle]
204.00,184.00
206.00,186.00
206.50,184.50
207.50,183.50
209.00,183.00
208.00,180.00
206.00,180.00
204.00,182.00
SetEnd
SetBegin:Constrained:FP0000000000000001/C134 [Obstacle]
205.00,179.00
207.00,179.00
208.00,178.00
208.00,176.00
204.00,176.00
202.00,178.00
SetEnd
SetBegin:Constrained:FP0000000000000001/C135 [Obstacle]
196.00,180.00
200.00,184.00
202.00,182.00
200.00,178.00
198.00,176.00
194.00,176.00
SetEnd
SetBegin:Constrained:FP0000000000000001/C136 [Obstacle]
195.00,179.00
196.00,178.00
194.00,178.00
SetEnd
SetBegin:Constrained:FP0000000000000001/C137 [Obstacle]
194.00,176.00
192.00,178.00
194.00,178.00
SetEnd
SetBegin:Constrained:FP0000000000000001/C138 [Obstacle]
157.00,243.00
155.00,243.00
156.00,244.00
158.00,244.00
SetEnd
SetBegin:Constrained:FP0000000000000001/C139 [Obstacle]
190.00,238.00
190.00,242.00
192.00,240.00
SetEnd
SetBegin:Constrained:FP0000000000000001/C140 [Obstacle]
168.00,252.00
170.00,250.00
168.00,250.00
SetEnd
SetBegin:Constrained:FP0000000000000001/C141 [Obstacle]
171.00,243.00
172.50,243.50
172.00,243.00
172.00,244.00
175.00,247.00
181.00,249.00
183.00,249.00
186.00,246.00
176.00,242.00
174.00,240.00
172.00,240.00
167.00,241.00
166.00,242.00
166.00,244.00
SetEnd
SetBegin:Constrained:FP0000000000000001/C142 [Obstacle]
162.00,198.00
167.00,198.00
167.50,198.50
168.00,200.00
170.00,198.00
172.00,192.00
164.00,192.00
160.00,196.00
SetEnd
SetBegin:Constrained:FP0000000000000001/C143 [Obstacle]
167.00,201.00
168.00,200.00
167.00,200.00
SetEnd
SetBegin:Constrained:FP0000000000000001/C144 [Obstacle]
166.00,204.00
167.00,203.00
166.00,202.00
SetEnd
SetBegin:Constrained:FP0000000000000001/C145 [Obstacle]
172.00,204.00
176.00,204.00
174.00,202.00
SetEnd
SetBegin:Constrained:FP0000000000000001/C146 [Obstacle]
160.00,244.00
161.00,243.00
159.00,243.00
158.00,244.00
SetEnd
SetBegin:Constrained:FP0000000000000001/C147 [Obstacle]
121.00,251.00
121.00,255.00
122.00,254.00
123.00,251.00
124.00,250.00
130.00,248.00
132.00,248.00
138.00,246.00
140.00,244.00
134.00,244.00
131.00,245.00
130.00,246.00
125.00,247.00
SetEnd
SetBegin:Constrained:FP0000000000000001/C148 [Obstacle]
157.00,245.00
159.00,245.00
158.00,244.00
SetEnd
SetBegin:Constrained:FP0000000000000001/C149 [Obstacle]
132.00,220.00
132.00,228.00
136.00,224.00
136.00,216.00
SetEnd
SetBegin:Constrained:FP0000000000000001/C150 [Obstacle]
114.00,238.00
112.00,240.00
112.00,244.00
134.00,234.00
136.00,232.00
124.00,232.00
SetEnd
SetBegin:Constrained:FP0000000000000001/C151 [Obstacle]
134.00,230.00
136.00,228.00
132.00,228.00
SetEnd
SetBegin:Constrained:FP0000000000000001/C152 [Obstacle]
150.00,222.00
158.00,222.00
159.00,221.00
159.00,222.00
159.00,221.00
158.00,222.00
156.00,227.00
154.00,226.00
140.00,230.00
141.00,231.00
158.00,230.00
164.00,224.00
164.00,220.00
162.00,216.00
158.00,214.00
157.00,216.00
157.00,217.00
156.00,216.00
152.00,216.00
148.00,220.00
SetEnd
SetBegin:Constrained:FP0000000000000001/C153 [Obstacle]
140.00,216.00
142.00,210.00
142.00,202.00
138.00,206.00
138.00,214.00
SetEnd
SetBegin:Constrained:FP0000000000000001/C154 [Obstacle]
340.00,170.00
342.00,170.00
342.00,168.00
SetEnd
SetBegin:Constrained:FP0000000000000001/C155 [Obstacle]
338.00,170.00
339.00,171.00
340.00,170.00
SetEnd
SetBegin:Constrained:FP0000000000000001/C156 [Obstacle]
138.50,156.50
139.00,156.00
138.00,156.00
137.00,163.00
136.00,166.00
134.50,168.50
133.50,169.50
131.00,171.00
124.50,172.50
118.00,172.00
121.00,175.00
129.00,175.00
132.00,174.00
136.50,170.50
139.00,170.00
139.00,171.00
138.00,174.00
140.00,176.00
144.00,172.00
144.00,168.00
142.00,166.00
142.00,162.00
144.00,160.00
150.00,156.00
154.00,150.00
155.00,147.00
155.00,141.00
154.50,139.50
156.00,136.00
156.00,128.00
154.00,122.00
148.00,116.00
146.00,122.00
146.00,126.00
148.00,130.00
149.50,135.50
149.00,139.00
146.00,147.00
144.00,150.00
140.00,152.00
137.00,150.00
134.00,146.00
132.00,148.00
134.00,152.00
SetEnd
SetBegin:Constrained:FP0000000000000001/C157 [Obstacle]
132.00,144.00
133.00,143.00
132.00,142.00
SetEnd
SetBegin:Constrained:FP0000000000000001/C158 [Obstacle]
371.00,217.00
370.00,218.00
371.00,219.00
SetEnd
SetBegin:Constrained:FP0000000000000001/C159 [Obstacle]
366.00,218.00
364.00,212.00
362.00,214.00
362.00,218.00
366.00,222.00
SetEnd
SetBegin:Constrained:FP0000000000000001/C160 [Obstacle]
366.00,194.00
368.00,192.00
366.00,192.00
SetEnd
SetBegin:Constrained:FP0000000000000001/C161 [Obstacle]
366.00,190.00
364.00,192.00
366.00,192.00
SetEnd
SetBegin:Constrained:FP0000000000000001/C162 [Obstacle]
368.00,204.00
364.00,196.00
363.00,195.00
363.00,201.00
366.00,204.00
SetEnd
SetBegin:Constrained:FP0000000000000001/C163 [Obstacle]
349.00,207.00
350.00,208.00
351.00,207.00
SetEnd
SetBegin:Constrained:FP0000000000000001/C164 [Obstacle]
352.00,210.00
354.00,210.00
352.00,208.00
350.00,208.00
SetEnd
SetBegin:Constrained:FP0000000000000001/C165 [Obstacle]
344.00,210.00
346.00,212.00
348.00,212.00
346.00,208.00
344.00,206.00
342.00,206.00
SetEnd
SetBegin:Constrained:FP0000000000000001/C166 [Obstacle]
368.00,192.00
368.00,188.00
366.00,190.00
SetEnd
SetBegin:Constrained:FP0000000000000001/C167 [Obstacle]
366.00,186.00
364.00,188.00
366.00,190.00
SetEnd
SetBegin:Constrained:FP0000000000000001/C168 [Obstacle]
364.00,180.00
364.00,172.00
362.00,174.00
362.00,178.00
SetEnd
SetBegin:Constrained:FP0000000000000001/C169 [Obstacle]
357.00,191.00
356.00,190.00
356.00,191.00
SetEnd
SetBegin:Constrained:FP0000000000000001/C170 [Obstacle]
354.00,174.00
352.00,174.00
351.00,177.00
353.00,177.00
SetEnd
SetBegin:Constrained:FP0000000000000001/C171 [Obstacle]
350.00,176.00
351.00,175.00
350.00,174.00
SetEnd
SetBegin:Constrained:FP0000000000000001/C172 [Obstacle]
351.00,177.00
351.00,176.00
350.00,176.00
SetEnd
SetBegin:Constrained:FP0000000000000001/C173 [Obstacle]
342.00,190.00
342.00,188.00
340.00,188.00
340.00,192.00
SetEnd
SetBegin:Constrained:FP0000000000000001/C174 [Obstacle]
346.00,198.00
346.00,190.00
344.00,188.00
342.00,188.00
344.00,192.00
344.00,196.00
SetEnd
SetBegin:Constrained:FP0000000000000001/C175 [Obstacle]
362.00,182.00
362.00,178.00
361.00,177.00
358.00,184.00
360.00,184.00
SetEnd
SetBegin:Constrained:FP0000000000000001/C176 [Obstacle]
350.00,172.00
352.00,172.00
351.00,169.00
348.00,168.00
347.00,167.00
345.00,167.00
SetEnd
SetBegin:Constrained:FP0000000000000001/C177 [Obstacle]
332.00,178.00
334.00,180.00
334.00,178.00
332.00,176.00
SetEnd
SetBegin:Constrained:FP0000000000000001/C178 [Obstacle]
321.00,167.00
320.00,166.00
319.00,163.00
318.00,164.00
318.00,166.00
321.00,169.00
SetEnd
SetBegin:Constrained:FP0000000000000001/C179 [Obstacle]
280.00,152.00
284.00,148.00
280.00,148.00
SetEnd
SetBegin:Constrained:FP0000000000000001/C180 [Obstacle]
468.00,154.00
468.00,152.00
466.00,154.00
SetEnd
SetBegin:Constrained:FP0000000000000001/C181 [Obstacle]
466.00,156.00
467.00,155.00
466.00,154.00
SetEnd
SetBegin:Constrained:FP0000000000000001/C182 [Obstacle]
456.00,148.00
457.00,150.00
462.00,154.00
464.00,152.00
456.00,144.00
452.00,144.00
SetEnd
SetBegin:Constrained:FP0000000000000001/C183 [Obstacle]
452.00,148.00
450.00,150.00
452.00,150.00
SetEnd
SetBegin:Constrained:FP0000000000000001/C184 [Obstacle]
454.00,148.00
454.00,146.00
452.00,148.00
SetEnd
SetBegin:Constrained:FP0000000000000001/C185 [Obstacle]
467.00,141.00
468.00,144.00
472.00,148.00
472.00,140.00
466.00,134.00
462.00,134.00
460.00,136.00
462.00,138.00
465.00,139.00
SetEnd
SetBegin:Constrained:FP0000000000000001/C186 [Obstacle]
444.00,152.00
446.00,150.00
444.00,148.00
SetEnd
SetBegin:Constrained:FP0000000000000001/C187 [Obstacle]
448.00,144.00
446.00,146.00
446.00,148.00
448.00,146.00
SetEnd
SetBegin:Constrained:FP0000000000000001/C188 [Obstacle]
440.00,144.00
442.00,142.00
440.00,142.00
SetEnd
SetBegin:Constrained:FP0000000000000001/C189 [Obstacle]
440.00,144.00
439.00,143.00
438.00,144.00
SetEnd
SetBegin:Constrained:FP0000000000000001/C190 [Obstacle]
412.00,152.00
412.00,148.00
410.00,150.00
SetEnd
SetBegin:Constrained:FP0000000000000001/C191 [Obstacle]
88.00,336.00
86.00,334.00
86.00,336.00
SetEnd
SetBegin:Constrained:FP0000000000000001/C192 [Obstacle]
120.00,272.00
122.00,270.00
120.00,268.00
SetEnd
SetBegin:Constrained:FP0000000000000001/C193 [Obstacle]
122.00,262.00
122.00,266.00
124.00,268.00
124.00,260.00
SetEnd
SetBegin:Constrained:FP0000000000000001/C194 [Obstacle]
104.00,288.00
108.00,284.00
104.00,280.00
SetEnd
SetBegin:Constrained:FP0000000000000001/C195 [Obstacle]
76.00,316.00
82.00,318.00
82.00,314.00
72.00,296.00
68.00,300.00
68.00,304.00
SetEnd
SetBegin:Constrained:FP0000000000000001/C196 [Obstacle]
60.00,336.00
56.00,332.00
56.00,336.00
SetEnd
SetBegin:Constrained:FP0000000000000001/C197 [Obstacle]
508.00,356.00
509.00,356.00
509.00,355.00
508.00,356.00
508.00,360.00
510.00,364.00
511.00,363.00
511.00,335.00
510.00,334.00
SetEnd
SetBegin:Constrained:FP0000000000000001/C198 [Obstacle]
508.00,338.00
510.00,336.00
509.00,335.00
508.00,336.00
SetEnd
SetBegin:Constrained:FP0000000000000001/C199 [Obstacle]
188.00,376.00
186.00,374.00
186.00,376.00
SetEnd
SetBegin:Constrained:FP0000000000000001/C200 [Obstacle]
190.00,372.00
190.00,370.00
188.00,372.00
SetEnd
SetBegin:Constrained:FP0000000000000001/C201 [Obstacle]
492.00,332.00
492.00,334.00
494.00,332.00
494.00,330.00
SetEnd
SetBegin:Constrained:FP0000000000000001/C202 [Obstacle]
183.00,312.00
181.50,314.50
180.50,313.50
180.50,310.50
182.00,308.00
182.00,307.00
181.00,309.00
182.00,310.00
185.00,307.00
184.00,306.00
184.00,308.00
SetEnd
SetBegin:Constrained:FP0000000000000001/C203 [Obstacle]
138.00,262.00
136.00,260.00
136.00,264.00
138.00,266.00
140.00,266.00
SetEnd
SetBegin:Constrained:FP0000000000000001/C204 [Obstacle]
156.00,274.00
155.00,273.00
153.00,273.00
153.00,275.00
SetEnd
SetBegin:Constrained:FP0000000000000001/C205 [Obstacle]
128.00,260.00
130.00,258.00
128.00,258.00
SetEnd
SetBegin:Constrained:FP0000000000000001/C206 [Obstacle]
132.00,260.00
132.00,256.00
130.00,258.00
SetEnd
SetBegin:Constrained:FP0000000000000001/C207 [Obstacle]
280.00,376.00
282.00,374.00
280.00,372.00
SetEnd
SetBegin:Constrained:FP0000000000000001/C208 [Obstacle]
278.00,378.00
280.00,376.00
278.00,376.00
SetEnd
SetBegin:Constrained:FP0000000000000001/C209 [Obstacle]
502.00,358.00
504.00,356.00
502.00,354.00
SetEnd
SetBegin:Constrained:FP0000000000000001/C210 [Obstacle]
504.00,362.00
502.00,362.00
506.00,366.00
508.00,364.00
SetEnd
SetBegin:Constrained:FP0000000000000001/C211 [Obstacle]
509.00,335.00
510.00,334.00
508.00,334.00
SetEnd
SetBegin:Constrained:FP0000000000000001/C212 [Obstacle]
502.00,344.00
502.00,350.00
504.00,352.00
506.00,352.00
506.00,348.00
508.00,344.00
508.00,334.00
506.00,334.00
504.00,336.00
SetEnd
SetBegin:Constrained:FP0000000000000001/C213 [Obstacle]
486.00,330.00
484.00,332.00
486.00,334.00
488.00,332.00
SetEnd
SetBegin:Constrained:FP0000000000000001/C214 [Obstacle]
488.00,330.00
488.00,328.00
486.00,330.00
SetEnd
SetBegin:Constrained:FP0000000000000001/C215 [Obstacle]
484.00,324.00
486.00,324.00
486.00,322.00
SetEnd
SetBegin:Constrained:FP0000000000000001/C216 [Obstacle]
488.00,322.00
488.00,320.00
486.00,322.00
SetEnd
SetBegin:Constrained:FP0000000000000001/C217 [Obstacle]
466.00,380.00
467.00,379.00
466.00,378.00
464.00,378.00
462.00,380.00
SetEnd
SetBegin:Constrained:FP0000000000000001/C218 [Obstacle]
464.00,381.00
464.00,380.00
463.00,381.00
SetEnd
SetBegin:Constrained:FP0000000000000001/C219 [Obstacle]
480.00,324.00
476.00,324.00
474.00,326.00
478.00,328.00
SetEnd
SetBegin:Constrained:FP0000000000000001/C220 [Obstacle]
476.00,324.00
474.00,322.00
472.00,324.00
SetEnd
SetBegin:Constrained:FP0000000000000001/C221 [Obstacle]
462.00,322.00
464.00,324.00
472.00,324.00
468.00,320.00
464.00,318.00
SetEnd
SetBegin:Constrained:FP0000000000000001/C222 [Obstacle]
462.00,322.00
462.00,320.00
460.00,320.00
SetEnd
SetBegin:Constrained:FP0000000000000001/C223 [Obstacle]
510.00,312.00
511.00,313.00
511.00,311.00
510.00,310.00
SetEnd
SetBegin:Constrained:FP0000000000000001/C224 [Obstacle]
511.00,315.00
511.00,313.00
510.00,314.00
SetEnd
SetBegin:Constrained:FP0000000000000001/C225 [Obstacle]
511.00,304.00
511.00,303.00
510.00,304.00
SetEnd
SetBegin:Constrained:FP0000000000000001/C226 [Obstacle]
500.00,308.00
500.00,304.00
498.00,306.00
SetEnd
SetBegin:Constrained:FP0000000000000001/C227 [Obstacle]
508.00,296.00
508.00,300.00
511.00,303.00
511.00,297.00
SetEnd
SetBegin:Constrained:FP0000000000000001/C228 [Obstacle]
506.00,298.00
508.00,296.00
504.00,296.00
SetEnd
SetBegin:Constrained:FP0000000000000001/C229 [Obstacle]
504.00,284.00
500.00,280.00
498.00,282.00
498.00,294.00
500.00,294.00
502.00,292.00
503.00,289.00
503.00,285.00
SetEnd
SetBegin:Constrained:FP0000000000000001/C230 [Obstacle]
484.00,304.00
486.00,302.00
484.00,302.00
SetEnd
SetBegin:Constrained:FP0000000000000001/C231 [Obstacle]
502.00,282.00
503.00,281.00
502.00,280.00
SetEnd
SetBegin:Constrained:FP0000000000000001/C232 [Obstacle]
502.00,276.00
502.00,270.00
496.00,264.00
494.00,268.00
496.00,270.00
498.00,274.00
SetEnd
SetBegin:Constrained:FP0000000000000001/C233 [Obstacle]
492.00,296.00
494.00,294.00
496.00,286.00
496.00,280.00
492.00,280.00
490.00,282.00
490.00,292.00
SetEnd
SetBegin:Constrained:FP0000000000000001/C234 [Obstacle]
494.00,278.00
496.00,276.00
494.00,272.00
494.00,266.00
490.00,270.00
490.00,274.00
SetEnd
SetBegin:Constrained:FP0000000000000001/C235 [Obstacle]
480.00,320.00
478.00,318.00
476.00,320.00
SetEnd
SetBegin:Constrained:FP0000000000000001/C236 [Obstacle]
476.00,320.00
476.00,316.00
472.00,312.00
464.00,312.00
460.00,316.00
460.00,318.00
462.00,320.00
465.50,316.50
SetEnd
SetBegin:Constrained:FP0000000000000001/C237 [Obstacle]
470.00,386.00
470.00,382.00
468.00,384.00
SetEnd
SetBegin:Constrained:FP0000000000000001/C238 [Obstacle]
416.00,382.00
412.00,380.00
412.00,384.00
414.00,386.00
SetEnd
SetBegin:Constrained:FP0000000000000001/C239 [Obstacle]
420.00,380.00
420.00,376.00
416.00,376.00
SetEnd
SetBegin:Constrained:FP0000000000000001/C240 [Obstacle]
416.00,380.00
416.00,376.00
412.00,380.00
SetEnd
SetBegin:Constrained:FP0000000000000001/C241 [Obstacle]
90.00,462.00
92.00,460.00
88.00,460.00
SetEnd
SetBegin:Constrained:FP0000000000000001/C242 [Obstacle]
98.00,462.00
100.00,464.00
98.00,464.00
SetEnd
SetBegin:Constrained:FP0000000000000001/C243 [Obstacle]
240.00,488.00
244.00,484.00
244.00,480.00
240.00,480.00
SetEnd
SetBegin:Constrained:FP0000000000000001/C244 [Obstacle]
68.00,452.00
64.00,448.00
64.00,452.00
SetEnd
SetBegin:Constrained:FP0000000000000001/C245 [Obstacle]
100.00,430.00
94.00,430.00
96.00,432.00
100.00,432.00
SetEnd
SetBegin:Constrained:FP0000000000000001/C246 [Obstacle]
96.00,426.00
95.00,425.00
94.00,426.00
SetEnd
SetBegin:Constrained:FP0000000000000001/C248 [Obstacle]
40.00,468.00
40.00,466.00
38.00,466.00
SetEnd
SetBegin:Constrained:FP0000000000000001/C249 [Obstacle]
36.00,468.00
36.00,464.00
32.00,464.00
SetEnd
SetBegin:Constrained:FP0000000000000001/C250 [Obstacle]
38.00,454.00
40.00,448.00
36.00,444.00
32.00,448.00
36.00,456.00
SetEnd
SetBegin:Constrained:FP0000000000000001/C251 [Obstacle]
56.00,416.00
60.00,412.00
56.00,412.00
SetEnd
SetBegin:Constrained:FP0000000000000001/C252 [Obstacle]
48.00,448.00
50.00,446.00
48.00,444.00
SetEnd
SetBegin:Constrained:FP0000000000000001/C253 [Obstacle]
70.00,450.00
72.00,448.00
68.00,448.00
SetEnd
SetBegin:Constrained:FP0000000000000001/C254 [Obstacle]
68.00,444.00
64.00,448.00
68.00,448.00
SetEnd
SetBegin:Constrained:FP0000000000000001/C255 [Obstacle]
52.00,404.00
52.00,400.00
50.00,402.00
SetEnd
SetBegin:Constrained:FP0000000000000001/C256 [Obstacle]
48.00,400.00
56.00,400.00
52.00,396.00
48.00,396.00
SetEnd
SetBegin:Constrained:FP0000000000000001/C257 [Obstacle]
8.00,460.00
12.00,476.00
28.00,492.00
40.00,496.00
48.00,496.00
68.00,484.00
72.00,472.00
68.00,452.00
64.00,452.00
62.00,450.00
56.00,448.00
52.00,452.00
44.00,466.00
36.00,468.00
36.00,470.00
37.00,469.00
36.00,468.00
32.00,448.00
32.00,440.00
20.00,440.00
20.00,420.00
12.00,428.00
8.00,448.00
SetEnd
SetBegin:Constrained:FP0000000000000001/C258 [Obstacle]
256.00,510.00
258.00,512.00
258.00,510.00
SetEnd
SetBegin:Constrained:FP0000000000000001/C259 [Obstacle]
250.00,510.00
251.00,511.00
252.00,511.00
252.00,510.00
SetEnd
SetBegin:Constrained:FP0000000000000001/C260 [Obstacle]
206.00,466.00
208.00,464.00
204.00,464.00
SetEnd
SetBegin:Constrained:FP0000000000000001/C261 [Obstacle]
452.00,404.00
452.00,408.00
454.00,412.00
456.00,410.00
456.00,404.00
SetEnd
SetBegin:Constrained:FP0000000000000001/C262 [Obstacle]
216.00,432.00
216.00,436.00
221.00,435.00
221.00,434.50
220.50,435.50
221.00,437.00
222.00,438.00
224.00,444.00
228.00,444.00
228.00,440.00
226.00,436.00
226.00,434.00
224.00,428.00
220.00,428.00
SetEnd
SetBegin:Constrained:FP0000000000000001/C263 [Obstacle]
216.00,428.00
214.00,426.00
212.00,428.00
SetEnd
SetBegin:Constrained:FP0000000000000001/C264 [Obstacle]
212.00,410.00
213.50,411.50
213.00,411.50
212.00,412.00
214.00,414.00
216.00,414.00
216.00,410.00
215.00,409.00
212.00,408.00
SetEnd
SetBegin:Constrained:FP0000000000000001/C265 [Obstacle]
192.00,408.00
192.00,416.00
198.00,410.00
198.00,402.00
192.00,396.00
188.00,396.00
SetEnd
SetBegin:Constrained:FP0000000000000001/C266 [Obstacle]
254.00,468.00
252.00,470.00
254.00,470.00
SetEnd
SetBegin:Constrained:FP0000000000000001/C267 [Obstacle]
132.00,458.00
130.00,456.00
130.00,458.00
SetEnd
SetBegin:Constrained:FP0000000000000001/C268 [Obstacle]
182.00,433.00
181.00,436.00
176.00,440.00
172.00,442.00
170.00,442.00
162.00,450.00
160.00,460.00
160.00,462.00
157.00,468.00
156.00,469.00
148.50,471.50
147.50,471.50
145.00,471.00
144.00,470.00
141.00,469.00
140.00,468.00
138.00,467.00
137.00,466.00
136.00,464.00
122.00,450.00
111.00,444.00
111.50,444.50
110.00,442.00
109.00,435.00
110.00,430.00
110.00,426.00
112.00,424.00
112.00,423.00
112.50,422.50
114.00,422.00
116.00,420.00
116.00,416.00
114.00,416.00
108.00,420.00
107.50,421.50
107.00,422.00
106.00,422.00
102.00,430.00
102.00,434.00
103.00,437.00
100.00,434.00
96.00,432.00
92.00,428.00
76.00,428.00
64.00,432.00
64.00,440.00
67.00,441.00
68.00,442.00
68.00,444.00
72.00,448.00
78.00,450.00
96.00,468.00
96.00,472.00
108.00,472.00
108.00,476.00
116.00,476.00
128.00,472.00
133.00,469.00
138.00,474.00
143.00,477.00
151.00,479.00
155.00,479.00
161.00,477.00
168.00,470.00
170.00,466.00
172.00,456.00
176.00,452.00
180.00,450.00
182.00,450.00
192.00,440.00
193.50,437.50
194.00,437.00
196.00,436.00
200.00,436.00
196.00,432.00
196.00,424.00
194.00,418.00
188.00,412.00
186.00,412.00
186.00,426.00
SetEnd
SetBegin:Constrained:FP0000000000000001/C269 [Obstacle]
134.00,434.00
132.00,432.00
125.00,439.00
126.00,439.00
126.00,438.00
124.00,436.00
116.00,436.00
112.00,440.00
116.00,444.00
132.00,444.00
136.00,440.00
136.00,434.00
SetEnd
SetBegin:Constrained:FP0000000000000001/C270 [Obstacle]
128.00,424.00
132.00,420.00
128.00,420.00
SetEnd
SetBegin:Constrained:FP0000000000000001/C271 [Obstacle]
188.00,396.00
192.00,392.00
188.00,390.00
186.00,390.00
SetEnd
SetBegin:Constrained:FP0000000000000001/C272 [Obstacle]
76.00,384.00
80.00,388.00
80.00,384.00
SetEnd
SetBegin:Constrained:FP0000000000000001/C273 [Obstacle]
120.00,376.00
116.00,372.00
100.00,372.00
94.00,370.00
92.00,370.00
88.00,364.00
79.00,361.00
77.00,359.00
76.00,356.00
64.00,352.00
56.00,352.00
64.00,364.00
64.00,368.00
68.00,370.00
70.00,372.00
72.00,376.00
93.00,397.00
94.00,396.00
88.00,396.00
86.00,398.00
92.00,404.00
94.00,402.00
96.00,402.00
100.00,404.00
104.00,402.00
106.00,402.00
108.00,404.00
116.00,400.00
118.00,400.00
117.00,399.00
116.00,400.00
122.00,406.00
136.00,410.00
136.00,416.00
140.00,420.00
146.00,424.00
156.00,420.00
156.00,419.00
155.50,419.50
156.00,420.00
164.00,416.00
165.00,415.00
170.00,414.00
174.00,414.00
176.00,412.00
176.00,408.00
174.00,409.00
173.00,409.00
172.00,408.00
158.00,412.00
157.00,413.00
151.00,416.00
150.50,416.50
150.00,416.00
148.00,400.00
144.00,392.00
144.00,390.00
140.00,380.00
SetEnd
SetBegin:Constrained:FP0000000000000001/C274 [Obstacle]
378.50,480.50
379.00,480.00
378.50,480.50
379.00,480.00
SetEnd
SetBegin:Constrained:FP0000000000000001/C275 [Obstacle]
354.00,480.00
354.00,478.00
352.00,480.00
SetEnd
SetBegin:Constrained:FP0000000000000001/C276 [Obstacle]
372.00,470.00
371.00,469.00
370.00,470.00
SetEnd
SetBegin:Constrained:FP0000000000000001/C277 [Obstacle]
372.00,466.00
370.00,468.00
372.00,468.00
SetEnd
SetBegin:Constrained:FP0000000000000001/C278 [Obstacle]
364.00,476.00
368.00,476.00
364.00,472.00
360.00,472.00
SetEnd
SetBegin:Constrained:FP0000000000000001/C279 [Obstacle]
368.00,474.00
367.00,473.00
366.00,474.00
SetEnd
SetBegin:Constrained:FP0000000000000001/C280 [Obstacle]
354.00,458.00
356.00,460.00
360.00,460.00
358.00,458.00
SetEnd
SetBegin:Constrained:FP0000000000000001/C281 [Obstacle]
312.00,512.00
312.00,510.00
323.00,495.00
324.00,492.00
324.00,491.00
324.50,490.50
326.00,490.00
324.00,480.00
323.00,480.00
324.00,479.00
326.00,476.00
324.00,476.00
320.00,480.00
315.00,495.00
303.00,511.00
304.00,512.00
SetEnd
SetBegin:Constrained:FP0000000000000001/C282 [Obstacle]
376.00,488.00
378.00,486.00
376.00,484.00
SetEnd
SetBegin:Constrained:FP0000000000000001/C283 [Obstacle]
346.00,462.00
348.00,460.00
346.00,460.00
SetEnd
SetBegin:Constrained:FP0000000000000001/C284 [Obstacle]
348.00,452.00
348.00,464.00
350.00,462.00
350.00,461.00
350.50,460.50
352.00,460.00
357.00,457.00
360.00,454.00
359.00,455.00
356.00,456.00
358.00,458.00
362.00,458.00
364.00,456.00
363.50,455.50
363.00,456.00
364.00,460.00
368.00,460.00
368.00,456.00
366.00,454.00
366.00,450.00
362.00,446.00
358.00,446.00
SetEnd
SetBegin:Constrained:FP0000000000000001/C285 [Obstacle]
348.00,452.00
347.00,451.00
346.00,452.00
SetEnd
SetBegin:Constrained:FP0000000000000001/C286 [Obstacle]
344.00,458.00
343.00,457.00
342.00,458.00
SetEnd
SetBegin:Constrained:FP0000000000000001/C287 [Obstacle]
325.00,481.00
326.00,480.00
324.00,480.00
SetEnd
SetBegin:Constrained:FP0000000000000001/C288 [Obstacle]
330.00,458.00
330.00,462.00
332.00,460.00
SetEnd
SetBegin:Constrained:FP0000000000000001/C289 [Obstacle]
334.00,462.00
334.00,460.00
332.00,460.00
SetEnd
SetBegin:Constrained:FP0000000000000001/C290 [Obstacle]
332.00,452.00
328.00,448.00
328.00,452.00
SetEnd
SetBegin:Constrained:FP0000000000000001/C291 [Obstacle]
364.00,428.00
364.00,426.00
362.00,426.00
SetEnd
SetBegin:Constrained:FP0000000000000001/C292 [Obstacle]
376.00,412.00
376.00,410.00
375.00,411.00
SetEnd
SetBegin:Constrained:FP0000000000000001/C293 [Obstacle]
378.00,410.00
376.00,408.00
376.00,410.00
SetEnd
SetBegin:Constrained:FP0000000000000001/C294 [Obstacle]
368.00,396.00
368.00,394.00
367.00,395.00
SetEnd
SetBegin:Constrained:FP0000000000000001/C295 [Obstacle]
332.00,428.00
335.00,431.00
338.00,430.00
336.00,428.00
SetEnd
SetBegin:Constrained:FP0000000000000001/C296 [Obstacle]
326.00,434.00
328.00,432.00
324.00,432.00
SetEnd
SetBegin:Constrained:FP0000000000000001/C297 [Obstacle]
320.00,428.00
318.00,430.00
320.00,432.00
324.00,432.00
326.00,430.00
SetEnd
SetBegin:Constrained:FP0000000000000001/C298 [Obstacle]
330.00,424.00
330.00,422.00
328.00,424.00
SetEnd
SetBegin:Constrained:FP0000000000000001/C299 [Obstacle]
312.00,424.00
316.00,428.00
316.00,424.00
SetEnd
SetBegin:Constrained:FP0000000000000001/C300 [Obstacle]
249.00,459.00
248.00,458.00
239.00,455.00
226.00,444.00
224.00,444.00
224.00,446.00
225.00,448.00
225.00,450.00
216.00,452.00
219.00,455.00
222.00,456.00
224.00,456.00
228.50,454.50
234.00,458.00
235.00,457.00
236.00,458.00
239.00,459.00
240.00,460.00
257.00,467.00
257.50,467.00
257.50,466.50
248.00,474.00
244.00,480.00
244.00,484.00
250.00,486.00
256.00,480.00
263.00,469.00
263.00,465.00
261.00,463.00
SetEnd
SetBegin:Constrained:FP0000000000000001/C301 [Obstacle]
288.00,404.00
290.00,404.00
290.00,406.00
SetEnd
SetBegin:Constrained:FP0000000000000001/C302 [Obstacle]
241.00,379.00
240.00,376.00
240.00,374.00
237.00,371.00
233.00,369.00
232.00,368.00
223.00,365.00
221.00,365.00
213.00,357.00
214.00,342.00
213.00,339.00
202.00,330.00
197.00,328.00
194.00,322.00
190.00,318.00
188.00,317.00
189.00,318.00
188.00,316.00
192.00,304.00
188.00,270.00
187.00,270.00
187.50,269.50
188.00,268.00
186.00,266.00
186.00,264.00
188.00,262.00
198.00,256.00
203.00,255.00
204.00,256.00
206.00,256.00
208.00,254.00
208.00,252.00
192.00,252.00
191.00,253.00
192.00,253.00
192.00,244.00
190.00,242.00
188.00,248.00
184.00,252.00
180.00,264.00
181.00,265.00
181.00,264.00
180.00,264.00
176.00,260.00
176.00,256.00
171.50,254.50
171.00,253.00
170.00,252.00
164.00,248.00
160.00,248.00
157.00,249.00
155.00,249.00
152.00,248.00
144.00,248.00
144.00,256.00
156.00,260.00
158.00,258.00
158.00,260.00
160.00,264.00
166.00,260.00
166.50,259.50
166.50,259.00
168.00,262.00
168.00,264.00
170.00,270.00
172.00,272.00
174.00,273.00
175.00,274.00
179.00,285.00
179.50,291.50
179.00,293.00
178.00,300.00
175.00,309.00
175.00,311.00
177.00,317.00
186.00,330.00
188.00,332.00
190.00,342.00
192.00,345.00
193.00,348.00
192.00,350.00
191.00,351.00
189.00,359.00
188.00,360.00
188.00,361.00
185.50,361.50
166.00,346.00
164.00,346.00
153.00,357.00
150.00,358.00
142.00,358.00
134.00,356.00
133.00,355.00
131.00,348.00
132.00,344.00
132.00,336.00
130.00,334.00
126.00,314.00
120.00,304.00
120.00,302.00
119.00,298.00
119.00,296.00
120.00,292.00
124.00,288.00
130.00,288.00
140.00,292.00
144.00,288.00
142.00,286.00
134.00,282.00
130.00,278.00
124.00,276.00
120.00,276.00
114.00,282.00
110.00,296.00
112.00,304.00
112.00,306.00
124.00,356.00
126.00,356.00
134.00,366.00
148.00,366.00
155.00,363.00
156.00,362.00
162.00,358.00
163.00,357.00
165.50,355.50
174.00,364.00
181.00,367.00
182.00,368.00
191.00,369.00
192.00,370.00
193.00,369.00
192.00,366.00
195.00,357.00
196.50,354.50
197.50,353.50
200.00,352.00
202.00,350.00
202.00,346.00
200.00,340.00
199.00,340.00
196.00,338.00
195.50,336.50
195.50,337.00
196.00,336.00
206.00,341.00
206.50,341.50
207.00,343.00
207.00,349.00
206.00,352.00
206.00,362.00
216.00,374.00
224.00,374.00
224.00,373.00
225.50,372.50
226.50,372.50
229.00,373.00
230.00,374.00
232.00,375.00
233.00,376.00
233.00,377.00
232.00,378.00
236.00,382.00
241.00,383.00
254.00,389.00
255.00,392.00
255.00,394.00
254.00,398.00
248.00,410.00
248.00,416.00
256.00,424.00
264.00,424.00
268.00,420.00
268.00,418.00
270.00,416.00
272.00,413.00
279.00,412.00
281.00,411.00
288.00,412.00
296.00,420.00
300.00,420.00
301.00,417.00
300.00,414.00
300.00,416.00
304.00,418.00
304.00,424.00
312.00,424.00
315.50,422.50
316.00,424.00
328.00,428.00
328.00,416.00
320.00,412.00
316.00,412.00
302.00,406.00
300.00,406.00
292.00,400.00
286.00,398.00
282.00,398.00
272.00,402.00
262.50,412.50
260.50,411.50
257.50,414.50
256.00,412.00
260.00,404.00
260.00,402.00
262.00,398.00
262.00,394.00
261.00,391.00
255.00,385.00
242.00,380.00
SetEnd
SetBegin:Constrained:FP0000000000000001/C303 [Obstacle]
484.00,468.00
488.00,464.00
480.00,464.00
SetEnd
SetBegin:Constrained:FP0000000000000001/C304 [Obstacle]
480.00,450.00
480.00,456.00
488.00,464.00
488.00,456.00
482.00,450.00
SetEnd
SetBegin:Constrained:FP0000000000000001/C305 [Obstacle]
474.00,478.00
476.00,476.00
472.00,476.00
SetEnd
SetBegin:Constrained:FP0000000000000001/C306 [Obstacle]
472.00,472.00
472.00,468.00
468.00,468.00
SetEnd
SetBegin:Constrained:FP0000000000000001/C307 [Obstacle]
488.00,468.00
480.00,468.00
480.00,472.00
484.00,472.00
SetEnd
SetBegin:Constrained:FP0000000000000001/C308 [Obstacle]
498.00,406.00
500.00,404.00
498.00,404.00
SetEnd
SetBegin:Constrained:FP0000000000000001/C309 [Obstacle]
495.00,405.00
494.00,406.00
496.00,408.00
498.00,406.00
SetEnd
SetBegin:Constrained:FP0000000000000001/C310 [Obstacle]
462.00,418.00
462.00,423.00
463.00,423.00
462.00,422.00
458.00,426.00
458.00,430.00
460.00,436.00
464.00,436.00
468.00,434.00
470.00,434.00
472.00,436.00
474.00,434.00
477.00,429.00
478.00,426.00
480.00,424.00
480.00,416.00
472.00,408.00
464.00,412.00
SetEnd
SetBegin:Constrained:FP0000000000000001/C311 [Obstacle]
446.00,434.00
446.00,438.00
448.00,436.00
SetEnd
SetBegin:Constrained:FP0000000000000001/C312 [Obstacle]
448.00,412.00
451.00,415.00
452.00,414.00
452.00,408.00
SetEnd
SetBegin:Constrained:FP0000000000000001/C313 [Obstacle]
460.00,418.00
462.00,418.00
464.00,416.00
460.00,412.00
456.00,412.00
SetEnd
SetBegin:Constrained:FP0000000000000001/C314 [Obstacle]
460.00,404.00
460.00,400.00
458.00,402.00
SetEnd
SetBegin:Constrained:FP0000000000000001/C315 [Obstacle]
464.00,400.00
460.00,396.00
460.00,400.00
SetEnd
SetBegin:Constrained:FP0000000000000001/C316 [Obstacle]
460.00,396.00
456.00,392.00
456.00,396.00
SetEnd
SetBegin:Constrained:FP0000000000000001/C317 [Obstacle]
12.00,480.00
16.00,484.00
16.00,480.00
SetEnd
SetBegin:Constrained:FP0000000000000001/C318 [Obstacle]
52.00,496.00
56.00,492.00
52.00,492.00
SetEnd
SetBegin:Constrained:FP0000000000000001/C319 [Obstacle]
16.00,484.00
20.00,488.00
20.00,484.00
SetEnd
SetBegin:Constrained:FP0000000000000001/C320 [Obstacle]
431.00,481.00
432.00,480.00
430.00,480.00
SetEnd
SetBegin:Constrained:FP0000000000000001/C321 [Obstacle]
444.00,484.00
445.00,483.00
443.00,483.00
444.00,484.00
448.00,484.00
454.00,482.00
462.00,474.00
462.00,458.00
460.00,452.00
458.00,452.00
458.00,450.00
456.00,444.00
454.00,444.00
454.00,442.00
451.00,435.00
452.00,432.00
448.00,432.00
448.00,444.00
453.00,457.00
453.00,465.00
444.00,474.00
428.00,474.00
427.00,475.00
423.00,491.00
422.00,492.00
421.00,495.00
420.00,496.00
418.00,500.00
419.00,501.00
418.00,506.00
416.00,510.00
416.00,512.00
423.00,512.00
428.00,494.00
429.00,493.00
431.00,487.00
431.00,479.00
432.50,479.50
431.50,478.50
432.00,480.00
432.00,484.00
SetEnd
SetBegin:Constrained:FP0000000000000001/C322 [Obstacle]
376.00,464.00
374.00,468.00
375.00,470.00
374.00,470.00
372.00,472.00
372.00,476.00
375.50,474.50
376.00,476.00
376.00,478.00
375.00,477.00
372.00,476.00
370.00,478.00
372.00,478.00
372.00,476.00
368.00,476.00
360.00,484.00
368.00,488.00
376.00,488.00
381.00,483.00
379.00,484.00
378.00,486.00
382.50,487.50
383.50,488.50
384.00,490.00
386.00,492.00
387.00,492.00
387.00,491.50
388.50,494.00
388.50,493.50
388.00,494.00
387.00,503.00
386.00,506.00
386.00,512.00
394.00,512.00
395.00,509.00
396.00,490.00
394.00,486.00
SetEnd
SetBegin:Constrained:FP0000000000000001/C323 [Obstacle]
448.00,400.00
444.00,396.00
444.00,400.00
SetEnd
SetBegin:Constrained:FP0000000000000001/C324 [Obstacle]
378.00,430.00
375.00,431.00
368.00,428.00
366.00,426.00
346.00,430.00
344.00,430.00
338.00,434.00
336.00,436.00
336.00,440.00
344.00,444.00
353.00,441.00
358.00,442.00
368.00,448.00
378.00,438.00
388.00,432.00
414.00,426.00
425.00,412.00
425.00,413.00
436.00,404.00
438.00,398.00
460.00,392.00
460.00,388.00
452.00,380.00
440.00,380.00
434.00,382.00
428.00,388.00
428.00,392.00
426.00,398.00
418.00,410.00
415.00,417.00
414.00,418.00
413.00,421.00
400.00,424.00
398.00,424.00
396.50,424.50
396.00,424.50
394.00,424.00
390.00,424.00
384.00,426.00
383.00,427.00
SetEnd
SetBegin:Constrained:FP0000000000000001/C325 [Obstacle]
414.00,410.00
412.00,408.00
412.00,410.00
SetEnd
SetBegin:Constrained:FP0000000000000001/C326 [Obstacle]
412.00,408.00
410.00,406.00
410.00,408.00
SetEnd
SetBegin:Constrained:FP0000000000000001/C327 [Obstacle]
392.00,416.00
396.00,420.00
400.00,416.00
401.00,413.00
400.00,413.00
404.00,410.00
406.00,410.00
412.00,404.00
404.00,396.00
396.00,400.00
392.00,404.00
SetEnd
SetBegin:Unconstrained:FP0000000000000002/C000 [Non-Obstacle]
336.09,252.55
335.41,253.08
334.97,252.52
335.66,252.00
SetEnd
SetBegin:Constrained:FP0000000000000002/C001 [Obstacle]
335.63,252.12
335.09,252.53
335.43,252.96
335.96,252.55
SetEnd
SetBegin:Unconstrained:FP0000000000000003/C000 [Non-Obstacle]
338.86,250.42
338.18,250.95
337.75,250.39
338.44,249.87
SetEnd
SetBegin:Constrained:FP0000000000000003/C001 [Obstacle]
338.41,249.99
337.87,250.40
338.21,250.83
338.74,250.42
SetEnd
SetBegin:Unconstrained:FP0000000000000004/C000 [Non-Obstacle]
339.59,253.02
338.91,253.55
338.48,252.98
339.17,252.46
SetEnd
SetBegin:Constrained:FP0000000000000004/C001 [Obstacle]
339.13,252.58
338.60,252.99
338.94,253.42
339.47,253.02
SetEnd
SetBegin:Unconstrained:FP0000000000000005/C000 [Non-Obstacle]
332.90,253.28
333.52,252.77
334.17,253.62
333.52,254.09
SetEnd
SetBegin:Constrained:FP0000000000000005/C001 [Obstacle]
333.54,253.97
334.06,253.57
333.54,252.90
333.02,253.29
SetEnd
SetBegin:Unconstrained:FP0000000000000006/C000 [Non-Obstacle]
336.01,254.04
336.63,253.54
337.28,254.39
336.63,254.86
SetEnd
SetBegin:Constrained:FP0000000000000006/C001 [Obstacle]
336.65,254.73
337.16,254.34
336.65,253.66
336.13,254.06
SetEnd
SetBegin:Unconstrained:FP0000000000000007/C000 [Non-Obstacle]
334.59,248.86
333.97,249.36
333.32,248.51
333.97,248.05
SetEnd
SetBegin:Constrained:FP0000000000000007/C001 [Obstacle]
333.95,248.17
333.43,248.57
333.95,249.24
334.47,248.84
SetEnd
SetBegin:Unconstrained:FP0000000000000008/C000 [Non-Obstacle]
337.13,247.34
336.45,247.87
336.02,247.31
336.70,246.79
SetEnd
SetBegin:Constrained:FP0000000000000008/C001 [Obstacle]
336.67,246.91
336.14,247.31
336.47,247.75
337.01,247.34
SetEnd
SetBegin:Unconstrained:FP0000000000000009/C000 [Non-Obstacle]
342.55,249.48
341.87,250.01
341.44,249.45
342.13,248.93
SetEnd
SetBegin:Constrained:FP0000000000000009/C001 [Obstacle]
342.10,249.05
341.56,249.46
341.90,249.89
342.43,249.48
SetEnd
SetBegin:Unconstrained:FP000000000000000A/C000 [Non-Obstacle]
362.97,289.08
363.84,289.06
363.83,289.80
362.96,289.77
SetEnd
SetBegin:Constrained:FP000000000000000A/C001 [Obstacle]
363.06,289.71
363.75,289.71
363.75,289.15
363.07,289.15
SetEnd
SetBegin:Unconstrained:FP000000000000000B/C000 [Non-Obstacle]
366.53,289.80
365.66,289.81
365.66,289.08
366.53,289.11
SetEnd
SetBegin:Constrained:FP000000000000000B/C001 [Obstacle]
366.43,289.17
365.74,289.17
365.74,289.72
366.43,289.73
SetEnd
SetBegin:Unconstrained:FP000000000000000C/C000 [Non-Obstacle]
363.05,288.07
363.91,288.07
363.91,288.78
363.05,288.77
SetEnd
SetBegin:Constrained:FP000000000000000C/C001 [Obstacle]
363.15,288.70
363.82,288.70
363.82,288.15
363.15,288.15
SetEnd
SetBegin:Unconstrained:FP000000000000000D/C000 [Non-Obstacle]
363.06,287.07
363.92,287.07
363.92,287.78
363.05,287.77
SetEnd
SetBegin:Constrained:FP000000000000000D/C001 [Obstacle]
363.15,287.70
363.83,287.70
363.83,287.15
363.16,287.15
SetEnd
SetBegin:Unconstrained:FP000000000000000E/C000 [Non-Obstacle]
365.96,287.80
365.10,287.80
365.11,287.09
365.97,287.10
SetEnd
SetBegin:Constrained:FP000000000000000E/C001 [Obstacle]
365.87,287.18
365.20,287.17
365.20,287.72
365.87,287.73
SetEnd
SetBegin:Unconstrained:FP000000000000000F/C000 [Non-Obstacle]
366.04,288.79
365.16,288.81
365.17,288.07
366.04,288.10
SetEnd
SetBegin:Constrained:FP000000000000000F/C001 [Obstacle]
365.94,288.17
365.25,288.16
365.25,288.72
365.93,288.73
SetEnd
SetBegin:Unconstrained:FP0000000000000010/C000 [Non-Obstacle]
360.49,296.05
361.35,296.06
361.35,296.77
360.49,296.76
SetEnd
SetBegin:Constrained:FP0000000000000010/C001 [Obstacle]
360.59,296.68
361.26,296.69
361.26,296.14
360.59,296.13
SetEnd
SetBegin:Unconstrained:FP0000000000000011/C000 [Non-Obstacle]
360.60,294.86
360.60,294.00
361.31,294.00
361.30,294.87
SetEnd
SetBegin:Constrained:FP0000000000000011/C001 [Obstacle]
361.23,294.77
361.23,294.10
360.68,294.09
360.68,294.77
SetEnd
SetBegin:Unconstrained:FP0000000000000012/C000 [Non-Obstacle]
364.99,296.58
365.85,296.59
365.85,297.30
364.98,297.29
SetEnd
SetBegin:Constrained:FP0000000000000012/C001 [Obstacle]
365.08,297.21
365.75,297.22
365.76,296.67
365.09,296.66
SetEnd
SetBegin:Unconstrained:FP0000000000000013/C000 [Non-Obstacle]
361.34,291.46
361.34,292.32
360.63,292.32
360.64,291.45
SetEnd
SetBegin:Constrained:FP0000000000000013/C001 [Obstacle]
360.71,291.55
360.71,292.22
361.26,292.23
361.26,291.56
SetEnd
SetBegin:Unconstrained:FP0000000000000014/C000 [Non-Obstacle]
366.95,297.47
366.16,297.48
366.16,296.42
366.96,296.44
SetEnd
SetBegin:Constrained:FP0000000000000014/C001 [Obstacle]
366.87,296.53
366.22,296.52
366.21,297.37
366.87,297.38
SetEnd
SetBegin:Unconstrained:FP0000000000000015/C000 [Non-Obstacle]
360.48,298.05
361.34,298.06
361.34,298.77
360.47,298.76
SetEnd
SetBegin:Constrained:FP0000000000000015/C001 [Obstacle]
360.57,298.68
361.24,298.69
361.25,298.14
360.57,298.13
SetEnd
SetBegin:Unconstrained:FP0000000000000016/C000 [Non-Obstacle]
364.51,293.58
365.37,293.59
365.37,294.30
364.51,294.29
SetEnd
SetBegin:Constrained:FP0000000000000016/C001 [Obstacle]
364.60,294.21
365.28,294.22
365.28,293.67
364.61,293.66
SetEnd
SetBegin:Unconstrained:FP0000000000000017/C000 [Non-Obstacle]
366.98,294.47
366.18,294.48
366.19,293.42
366.98,293.44
SetEnd
SetBegin:Constrained:FP0000000000000017/C001 [Obstacle]
366.90,293.53
366.24,293.52
366.24,294.37
366.89,294.38
SetEnd
